1.088414351
1.222262036
1.553178377
1.926024772
0.942023069
0.268158739
1.377183822
2.279312915
0.593346675
1.198804383
2.01989834
0.902257533
2.221905253
1.359654995
1.736533802
1.252119757
1.635770609
1.234182559
1.455686056
1.16208527
0.8095407650000001
1.361511297
1.641657929
0.92901447
2.08723449
0.548958927
0.479832749
1.866096768
1.26554045
1.293848727
1.40339447
3.031381813
1.164568263
1.701687793
0.919708546
1.66187347
2.203604223
1.25643161
2.224274143
0.423112645
1.296924262
1.119770256
1.629754862
1.107647947
1.540766241
1.552292283
1.437379697
0.57821366
1.190391831
0.683440854
1.754415454
1.164480705
0.336826675
1.586215701
2.100600306
1.221956315
1.438052396
1.034219955
0.900292985
0.868809237
0.516149521
1.120317932
2.454823691
0.843876246
0.993224556
1.161700655
1.083238352
1.480561605
1.663820009
1.380215686
